0.000 0.000
0.008 0.015
0.018 0.022
0.027 0.027
0.037 0.032
0.047 0.036
0.057 0.039
0.067 0.042
0.077 0.045
0.087 0.048
0.098 0.050
0.108 0.052
0.118 0.054
0.128 0.056
0.138 0.058
0.149 0.060
0.159 0.061
0.169 0.062
0.179 0.064
0.190 0.065
0.200 0.066
0.210 0.067
0.221 0.067
0.231 0.068
0.241 0.069
0.251 0.069
0.262 0.069
0.272 0.070
0.282 0.070
0.293 0.070
0.303 0.070
0.313 0.070
0.323 0.070
0.333 0.070
0.344 0.070
0.354 0.069
0.364 0.069
0.374 0.069
0.384 0.069
0.394 0.068
0.404 0.068
0.415 0.067
0.425 0.067
0.435 0.066
0.445 0.066
0.455 0.065
0.465 0.065
0.475 0.064
0.486 0.063
0.496 0.063
0.506 0.062
0.516 0.061
0.526 0.061
0.536 0.060
0.546 0.059
0.556 0.058
0.567 0.057
0.577 0.056
0.587 0.056
0.597 0.055
0.607 0.054
0.617 0.053
0.627 0.052
0.637 0.051
0.647 0.050
0.658 0.049
0.668 0.047
0.678 0.046
0.688 0.045
0.698 0.044
0.708 0.043
0.718 0.042
0.728 0.041
0.738 0.039
0.748 0.038
0.759 0.037
0.769 0.035
0.779 0.034
0.789 0.033
0.799 0.031
0.809 0.030
0.819 0.029
0.829 0.027
0.839 0.026
0.849 0.024
0.859 0.023
0.869 0.021
0.879 0.020
0.889 0.018
0.900 0.017
0.910 0.015
0.920 0.014
0.930 0.012
0.940 0.010
0.950 0.009
0.960 0.007
0.970 0.005
0.980 0.004
0.990 0.002
1.000 -0.000
1.000 0.000
0.990 -0.001
0.980 -0.001
0.970 -0.002
0.959 -0.003
0.949 -0.003
0.939 -0.004
0.929 -0.004
0.919 -0.005
0.909 -0.006
0.898 -0.006
0.888 -0.007
0.878 -0.007
0.868 -0.008
0.858 -0.008
0.848 -0.009
0.838 -0.010
0.827 -0.010
0.817 -0.011
0.807 -0.011
0.797 -0.012
0.787 -0.012
0.777 -0.013
0.767 -0.013
0.757 -0.014
0.747 -0.014
0.736 -0.015
0.726 -0.015
0.716 -0.016
0.706 -0.016
0.696 -0.017
0.686 -0.017
0.676 -0.018
0.666 -0.018
0.656 -0.019
0.645 -0.019
0.635 -0.020
0.625 -0.020
0.615 -0.021
0.605 -0.021
0.595 -0.022
0.585 -0.022
0.575 -0.023
0.565 -0.023
0.555 -0.023
0.545 -0.024
0.535 -0.024
0.524 -0.025
0.514 -0.025
0.504 -0.025
0.494 -0.026
0.484 -0.026
0.474 -0.027
0.464 -0.027
0.454 -0.027
0.444 -0.028
0.434 -0.028
0.424 -0.028
0.414 -0.028
0.404 -0.029
0.394 -0.029
0.384 -0.029
0.373 -0.029
0.363 -0.029
0.353 -0.030
0.343 -0.030
0.333 -0.030
0.323 -0.030
0.313 -0.030
0.303 -0.030
0.293 -0.030
0.283 -0.030
0.273 -0.030
0.263 -0.030
0.254 -0.030
0.244 -0.030
0.234 -0.030
0.224 -0.030
0.214 -0.030
0.204 -0.030
0.194 -0.030
0.184 -0.030
0.174 -0.030
0.164 -0.030
0.154 -0.029
0.144 -0.029
0.135 -0.029
0.125 -0.029
0.114 -0.028
0.104 -0.028
0.094 -0.027
0.084 -0.027
0.074 -0.026
0.064 -0.025
0.054 -0.023
0.044 -0.022
0.033 -0.020
0.023 -0.017
0.012 -0.013
0.000 0.000
