0.000 0.000
0.003 0.025
0.012 0.037
0.021 0.046
0.031 0.053
0.042 0.060
0.052 0.065
0.063 0.070
0.074 0.075
0.085 0.078
0.096 0.082
0.107 0.085
0.118 0.087
0.129 0.089
0.140 0.091
0.153 0.093
0.164 0.094
0.174 0.095
0.184 0.095
0.194 0.096
0.204 0.096
0.214 0.097
0.224 0.097
0.234 0.097
0.245 0.097
0.255 0.097
0.265 0.097
0.275 0.097
0.285 0.097
0.295 0.096
0.305 0.096
0.315 0.096
0.325 0.095
0.335 0.095
0.346 0.094
0.356 0.094
0.366 0.093
0.376 0.092
0.386 0.091
0.396 0.091
0.406 0.090
0.416 0.089
0.426 0.088
0.436 0.087
0.446 0.086
0.457 0.085
0.467 0.084
0.477 0.083
0.487 0.082
0.497 0.081
0.507 0.079
0.517 0.078
0.527 0.077
0.537 0.076
0.547 0.074
0.557 0.073
0.567 0.072
0.577 0.071
0.588 0.069
0.598 0.068
0.608 0.066
0.618 0.065
0.628 0.064
0.638 0.062
0.648 0.061
0.658 0.059
0.668 0.058
0.678 0.056
0.688 0.055
0.698 0.053
0.708 0.051
0.718 0.050
0.728 0.048
0.739 0.047
0.749 0.045
0.759 0.043
0.769 0.042
0.779 0.040
0.789 0.038
0.799 0.037
0.809 0.035
0.819 0.033
0.829 0.032
0.839 0.030
0.849 0.028
0.859 0.026
0.869 0.024
0.879 0.023
0.889 0.021
0.899 0.019
0.910 0.017
0.920 0.015
0.930 0.013
0.940 0.012
0.950 0.010
0.960 0.008
0.970 0.006
0.980 0.004
0.990 0.002
1.000 -0.000
1.000 0.000
0.990 -0.002
0.980 -0.004
0.970 -0.006
0.959 -0.007
0.949 -0.009
0.939 -0.011
0.929 -0.013
0.919 -0.014
0.909 -0.016
0.898 -0.018
0.888 -0.019
0.878 -0.021
0.868 -0.022
0.858 -0.024
0.848 -0.025
0.838 -0.027
0.827 -0.028
0.817 -0.030
0.807 -0.031
0.797 -0.032
0.787 -0.034
0.777 -0.035
0.767 -0.036
0.756 -0.038
0.746 -0.039
0.736 -0.040
0.726 -0.041
0.716 -0.042
0.706 -0.044
0.696 -0.045
0.686 -0.046
0.675 -0.047
0.665 -0.048
0.655 -0.049
0.645 -0.050
0.635 -0.051
0.625 -0.052
0.615 -0.053
0.604 -0.053
0.594 -0.054
0.584 -0.055
0.574 -0.056
0.564 -0.057
0.554 -0.057
0.544 -0.058
0.534 -0.059
0.523 -0.059
0.513 -0.060
0.503 -0.061
0.493 -0.061
0.483 -0.062
0.473 -0.062
0.463 -0.063
0.453 -0.063
0.442 -0.063
0.432 -0.064
0.422 -0.064
0.412 -0.064
0.402 -0.064
0.392 -0.065
0.382 -0.065
0.372 -0.065
0.362 -0.065
0.351 -0.065
0.341 -0.065
0.331 -0.065
0.321 -0.064
0.311 -0.064
0.301 -0.064
0.291 -0.063
0.281 -0.063
0.271 -0.063
0.260 -0.062
0.250 -0.061
0.240 -0.061
0.230 -0.060
0.220 -0.059
0.210 -0.058
0.200 -0.057
0.190 -0.056
0.180 -0.054
0.170 -0.053
0.160 -0.052
0.150 -0.050
0.143 -0.049
0.133 -0.048
0.124 -0.046
0.115 -0.045
0.106 -0.043
0.097 -0.042
0.088 -0.040
0.078 -0.038
0.069 -0.036
0.059 -0.034
0.050 -0.031
0.039 -0.028
0.029 -0.024
0.017 -0.019
0.000 0.000
