1.00000 0.00286
0.99660 0.00389
0.99314 0.00493
0.98961 0.00599
0.98601 0.00707
0.98235 0.00818
0.97863 0.00930
0.97484 0.01044
0.97098 0.01159
0.96706 0.01277
0.96307 0.01395
0.95902 0.01516
0.95490 0.01638
0.95072 0.01762
0.94647 0.01887
0.94216 0.02014
0.93778 0.02143
0.93333 0.02274
0.92882 0.02407
0.92425 0.02542
0.91961 0.02680
0.91490 0.02819
0.91013 0.02961
0.90529 0.03106
0.90039 0.03253
0.89542 0.03402
0.89039 0.03553
0.88529 0.03707
0.88013 0.03863
0.87490 0.04021
0.86961 0.04182
0.86425 0.04345
0.85882 0.04510
0.85333 0.04678
0.84778 0.04848
0.84216 0.05020
0.83647 0.05194
0.83072 0.05371
0.82490 0.05550
0.81902 0.05731
0.81307 0.05915
0.80706 0.06100
0.80098 0.06288
0.79484 0.06477
0.78863 0.06668
0.78235 0.06861
0.77601 0.07057
0.76961 0.07253
0.76314 0.07452
0.75660 0.07652
0.75000 0.07854
0.74333 0.08058
0.73667 0.08260
0.73000 0.08463
0.72333 0.08665
0.71667 0.08867
0.71000 0.09068
0.70333 0.09268
0.69667 0.09467
0.69000 0.09665
0.68333 0.09862
0.67667 0.10059
0.67000 0.10254
0.66333 0.10449
0.65667 0.10642
0.65000 0.10834
0.64333 0.11025
0.63667 0.11214
0.63000 0.11402
0.62333 0.11588
0.61667 0.11772
0.61000 0.11954
0.60333 0.12135
0.59667 0.12314
0.59000 0.12490
0.58333 0.12665
0.57667 0.12837
0.57000 0.13008
0.56333 0.13175
0.55667 0.13340
0.55000 0.13503
0.54333 0.13664
0.53667 0.13821
0.53000 0.13976
0.52333 0.14128
0.51667 0.14276
0.51000 0.14422
0.50333 0.14564
0.49667 0.14702
0.49000 0.14837
0.48333 0.14969
0.47667 0.15097
0.47000 0.15221
0.46333 0.15341
0.45667 0.15458
0.45000 0.15571
0.44333 0.15680
0.43667 0.15785
0.43000 0.15885
0.42333 0.15982
0.41667 0.16074
0.41000 0.16162
0.40333 0.16245
0.39667 0.16324
0.39000 0.16398
0.38333 0.16467
0.37667 0.16531
0.37000 0.16589
0.36333 0.16643
0.35667 0.16691
0.35000 0.16733
0.34333 0.16770
0.33667 0.16801
0.33000 0.16826
0.32333 0.16845
0.31667 0.16858
0.31000 0.16865
0.30333 0.16865
0.29667 0.16858
0.29000 0.16845
0.28333 0.16825
0.27667 0.16799
0.27000 0.16765
0.26333 0.16724
0.25667 0.16676
0.25000 0.16619
0.24342 0.16555
0.23693 0.16484
0.23053 0.16407
0.22421 0.16322
0.21798 0.16231
0.21184 0.16133
0.20579 0.16029
0.19982 0.15918
0.19395 0.15801
0.18816 0.15679
0.18245 0.15549
0.17684 0.15415
0.17131 0.15275
0.16587 0.15129
0.16052 0.14977
0.15526 0.14821
0.15008 0.14660
0.14499 0.14494
0.13999 0.14323
0.13508 0.14147
0.13026 0.13967
0.12552 0.13782
0.12087 0.13593
0.11631 0.13401
0.11183 0.13203
0.10745 0.13003
0.10315 0.12798
0.09893 0.12589
0.09481 0.12377
0.09077 0.12160
0.08683 0.11941
0.08297 0.11718
0.07919 0.11491
0.07551 0.11262
0.07191 0.11029
0.06840 0.10793
0.06498 0.10554
0.06164 0.10312
0.05840 0.10068
0.05524 0.09821
0.05217 0.09571
0.04918 0.09318
0.04629 0.09064
0.04348 0.08807
0.04076 0.08548
0.03812 0.08287
0.03558 0.08025
0.03312 0.07761
0.03075 0.07496
0.02847 0.07229
0.02627 0.06961
0.02417 0.06693
0.02215 0.06423
0.02022 0.06151
0.01837 0.05877
0.01662 0.05604
0.01495 0.05328
0.01337 0.05052
0.01187 0.04776
0.01047 0.04501
0.00915 0.04224
0.00792 0.03947
0.00678 0.03667
0.00572 0.03378
0.00476 0.03081
0.00388 0.02764
0.00309 0.02425
0.00238 0.02069
0.00177 0.01726
0.00124 0.01404
0.00080 0.01105
0.00044 0.00810
0.00018 0.00513
0.00000 0.00000
0.00018 -0.00517
0.00044 -0.00822
0.00080 -0.01127
0.00124 -0.01432
0.00177 -0.01755
0.00238 -0.02086
0.00309 -0.02424
0.00388 -0.02748
0.00476 -0.03062
0.00572 -0.03365
0.00678 -0.03666
0.00792 -0.03961
0.00915 -0.04256
0.01047 -0.04550
0.01187 -0.04841
0.01337 -0.05134
0.01495 -0.05424
0.01662 -0.05713
0.01837 -0.05999
0.02022 -0.06285
0.02215 -0.06569
0.02417 -0.06851
0.02627 -0.07132
0.02847 -0.07413
0.03075 -0.07693
0.03312 -0.07973
0.03558 -0.08253
0.03812 -0.08531
0.04076 -0.08810
0.04348 -0.09087
0.04629 -0.09363
0.04918 -0.09637
0.05217 -0.09911
0.05524 -0.10182
0.05840 -0.10453
0.06164 -0.10720
0.06498 -0.10987
0.06840 -0.11250
0.07191 -0.11512
0.07551 -0.11771
0.07919 -0.12027
0.08297 -0.12281
0.08683 -0.12532
0.09077 -0.12778
0.09481 -0.13022
0.09893 -0.13263
0.10315 -0.13500
0.10745 -0.13732
0.11183 -0.13961
0.11631 -0.14186
0.12087 -0.14407
0.12552 -0.14623
0.13026 -0.14836
0.13508 -0.15044
0.13999 -0.15247
0.14499 -0.15444
0.15008 -0.15637
0.15526 -0.15825
0.16052 -0.16006
0.16587 -0.16182
0.17131 -0.16353
0.17684 -0.16518
0.18245 -0.16676
0.18816 -0.16828
0.19395 -0.16974
0.19982 -0.17112
0.20579 -0.17244
0.21184 -0.17367
0.21798 -0.17483
0.22421 -0.17591
0.23053 -0.17690
0.23693 -0.17780
0.24342 -0.17861
0.25000 -0.17932
0.25667 -0.17994
0.26333 -0.18044
0.27000 -0.18084
0.27667 -0.18114
0.28333 -0.18133
0.29000 -0.18142
0.29667 -0.18141
0.30333 -0.18131
0.31000 -0.18111
0.31667 -0.18082
0.32333 -0.18043
0.33000 -0.17996
0.33667 -0.17940
0.34333 -0.17875
0.35000 -0.17802
0.35667 -0.17721
0.36333 -0.17631
0.37000 -0.17533
0.37667 -0.17428
0.38333 -0.17315
0.39000 -0.17194
0.39667 -0.17065
0.40333 -0.16930
0.41000 -0.16786
0.41667 -0.16636
0.42333 -0.16478
0.43000 -0.16313
0.43667 -0.16141
0.44333 -0.15962
0.45000 -0.15776
0.45667 -0.15582
0.46333 -0.15382
0.47000 -0.15176
0.47667 -0.14962
0.48333 -0.14743
0.49000 -0.14518
0.49667 -0.14287
0.50333 -0.14050
0.51000 -0.13808
0.51667 -0.13560
0.52333 -0.13308
0.53000 -0.13051
0.53667 -0.12790
0.54333 -0.12525
0.55000 -0.12257
0.55667 -0.11985
0.56333 -0.11710
0.57000 -0.11432
0.57667 -0.11152
0.58333 -0.10869
0.59000 -0.10584
0.59667 -0.10298
0.60333 -0.10010
0.61000 -0.09721
0.61667 -0.09431
0.62333 -0.09140
0.63000 -0.08849
0.63667 -0.08557
0.64333 -0.08265
0.65000 -0.07973
0.65667 -0.07682
0.66333 -0.07391
0.67000 -0.07101
0.67667 -0.06813
0.68333 -0.06525
0.69000 -0.06240
0.69667 -0.05956
0.70333 -0.05675
0.71000 -0.05396
0.71667 -0.05120
0.72333 -0.04847
0.73000 -0.04578
0.73667 -0.04312
0.74333 -0.04051
0.75000 -0.03794
0.75660 -0.03544
0.76314 -0.03300
0.76961 -0.03064
0.77601 -0.02836
0.78235 -0.02616
0.78863 -0.02403
0.79484 -0.02198
0.80098 -0.02000
0.80706 -0.01811
0.81307 -0.01630
0.81902 -0.01456
0.82490 -0.01291
0.83072 -0.01134
0.83647 -0.00986
0.84216 -0.00845
0.84778 -0.00713
0.85333 -0.00588
0.85882 -0.00471
0.86425 -0.00363
0.86961 -0.00261
0.87490 -0.00168
0.88013 -0.00082
0.88529 -0.00004
0.89039 0.00068
0.89542 0.00132
0.90039 0.00189
0.90529 0.00239
0.91013 0.00283
0.91490 0.00321
0.91961 0.00352
0.92425 0.00376
0.92882 0.00395
0.93333 0.00407
0.93778 0.00412
0.94216 0.00411
0.94647 0.00404
0.95072 0.00391
0.95490 0.00371
0.95902 0.00344
0.96307 0.00312
0.96706 0.00273
0.97098 0.00228
0.97484 0.00178
0.97863 0.00123
0.98235 0.00063
0.98601 0.00000
0.98961 -0.00067
0.99314 -0.00138
0.99660 -0.00212
1.00000 -0.00286
